$ 1 0.000005 382.76258214399064 99 5 43 5e-11
v 80 288 80 112 0 0 40 12 0 0 0.5
s 80 112 176 112 0 1 false
w 176 112 256 112 0
w 176 112 176 192 0
w 176 192 176 272 0
w 176 192 256 192 0
w 176 272 256 272 0
r 256 112 336 112 0 100
r 256 192 336 192 0 3000
r 256 272 336 272 0 1500
c 336 192 336 256 4 0.0005 0.1833373522855822 0.001 0
c 336 272 336 336 4 0.0022 0.20567658896037588 0.001 0
162 400 112 464 112 2 default 1 0 0 0.5
162 400 192 464 192 2 default 1 1 0 0.1
162 400 272 464 272 2 default 0 1 0 0.1
r 464 112 464 160 0 470
r 464 192 464 240 0 350
r 464 272 464 320 0 470
g 464 160 464 176 0 0
g 464 240 464 256 0 0
g 464 320 464 336 0 0
g 336 336 336 352 0 0
g 80 288 80 304 0 0
w 336 112 400 112 0
w 336 192 400 192 0
w 336 272 400 272 0
x 478 116 528 119 4 24 RED
x 478 195 578 198 4 24 YELLOW
x 478 276 563 279 4 24 GREEN
g 336 256 336 272 0 0